chr1	248956422	4522818	0
chr2	242193529	2330456	0
chr3	198295559	1690820	0
chr4	190214555	1115712	0
chr5	181538259	1998396	0
chr6	170805979	2209036	0
chr7	159345973	1956110	0
chr8	145138636	1026626	0
chr9	138394717	1110660	0
chr10	133797422	1432960	0
chr11	135086622	2051604	0
chr12	133275309	2447772	0
chr13	114364328	405134	0
chr14	107043718	1043982	0
chr15	101991189	1077664	0
chr16	90338345	1758508	0
chr17	83257441	2549422	0
chr18	80373285	313908	0
chr19	58617616	2434696	0
chr20	64444167	903634	0
chr21	46709983	433670	0
chr22	50818468	1016578	0
chrX	156040895	1931540	0
chrY	57227415	266	0
chrM	16569	2053164	0
chr1_KI270706v1_random	175055	770	0
chr1_KI270707v1_random	32032	28	0
chr1_KI270708v1_random	127682	0	0
chr1_KI270709v1_random	66860	0	0
chr1_KI270710v1_random	40176	0	0
chr1_KI270711v1_random	42210	934	0
chr1_KI270712v1_random	176043	60	0
chr1_KI270713v1_random	40745	20	0
chr1_KI270714v1_random	41717	2	0
chr2_KI270715v1_random	161471	0	0
chr2_KI270716v1_random	153799	0	0
chr3_GL000221v1_random	155397	28	0
chr4_GL000008v2_random	209709	2	0
chr5_GL000208v1_random	92689	0	0
chr9_KI270717v1_random	40062	12	0
chr9_KI270718v1_random	38054	6	0
chr9_KI270719v1_random	176845	4	0
chr9_KI270720v1_random	39050	0	0
chr11_KI270721v1_random	100316	42	0
chr14_GL000009v2_random	201709	142	0
chr14_GL000225v1_random	211173	6	0
chr14_KI270722v1_random	194050	0	0
chr14_GL000194v1_random	191469	452	0
chr14_KI270723v1_random	38115	0	0
chr14_KI270724v1_random	39555	0	0
chr14_KI270725v1_random	172810	2	0
chr14_KI270726v1_random	43739	0	0
chr15_KI270727v1_random	448248	0	0
chr16_KI270728v1_random	1872759	74	0
chr17_GL000205v2_random	185591	324	0
chr17_KI270729v1_random	280839	0	0
chr17_KI270730v1_random	112551	2	0
chr22_KI270731v1_random	150754	20	0
chr22_KI270732v1_random	41543	0	0
chr22_KI270733v1_random	179772	2018	0
chr22_KI270734v1_random	165050	12	0
chr22_KI270735v1_random	42811	0	0
chr22_KI270736v1_random	181920	0	0
chr22_KI270737v1_random	103838	0	0
chr22_KI270738v1_random	99375	0	0
chr22_KI270739v1_random	73985	0	0
chrY_KI270740v1_random	37240	0	0
chrUn_KI270302v1	2274	0	0
chrUn_KI270304v1	2165	0	0
chrUn_KI270303v1	1942	0	0
chrUn_KI270305v1	1472	0	0
chrUn_KI270322v1	21476	0	0
chrUn_KI270320v1	4416	0	0
chrUn_KI270310v1	1201	0	0
chrUn_KI270316v1	1444	0	0
chrUn_KI270315v1	2276	0	0
chrUn_KI270312v1	998	0	0
chrUn_KI270311v1	12399	0	0
chrUn_KI270317v1	37690	0	0
chrUn_KI270412v1	1179	0	0
chrUn_KI270411v1	2646	0	0
chrUn_KI270414v1	2489	0	0
chrUn_KI270419v1	1029	0	0
chrUn_KI270418v1	2145	0	0
chrUn_KI270420v1	2321	0	0
chrUn_KI270424v1	2140	0	0
chrUn_KI270417v1	2043	0	0
chrUn_KI270422v1	1445	0	0
chrUn_KI270423v1	981	0	0
chrUn_KI270425v1	1884	0	0
chrUn_KI270429v1	1361	0	0
chrUn_KI270442v1	392061	22	0
chrUn_KI270466v1	1233	0	0
chrUn_KI270465v1	1774	0	0
chrUn_KI270467v1	3920	4	0
chrUn_KI270435v1	92983	0	0
chrUn_KI270438v1	112505	0	0
chrUn_KI270468v1	4055	0	0
chrUn_KI270510v1	2415	0	0
chrUn_KI270509v1	2318	0	0
chrUn_KI270518v1	2186	0	0
chrUn_KI270508v1	1951	0	0
chrUn_KI270516v1	1300	0	0
chrUn_KI270512v1	22689	0	0
chrUn_KI270519v1	138126	0	0
chrUn_KI270522v1	5674	0	0
chrUn_KI270511v1	8127	0	0
chrUn_KI270515v1	6361	0	0
chrUn_KI270507v1	5353	0	0
chrUn_KI270517v1	3253	0	0
chrUn_KI270529v1	1899	0	0
chrUn_KI270528v1	2983	0	0
chrUn_KI270530v1	2168	0	0
chrUn_KI270539v1	993	0	0
chrUn_KI270538v1	91309	2	0
chrUn_KI270544v1	1202	0	0
chrUn_KI270548v1	1599	0	0
chrUn_KI270583v1	1400	0	0
chrUn_KI270587v1	2969	0	0
chrUn_KI270580v1	1553	0	0
chrUn_KI270581v1	7046	0	0
chrUn_KI270579v1	31033	0	0
chrUn_KI270589v1	44474	0	0
chrUn_KI270590v1	4685	0	0
chrUn_KI270584v1	4513	0	0
chrUn_KI270582v1	6504	0	0
chrUn_KI270588v1	6158	0	0
chrUn_KI270593v1	3041	0	0
chrUn_KI270591v1	5796	0	0
chrUn_KI270330v1	1652	4	0
chrUn_KI270329v1	1040	0	0
chrUn_KI270334v1	1368	0	0
chrUn_KI270333v1	2699	0	0
chrUn_KI270335v1	1048	0	0
chrUn_KI270338v1	1428	0	0
chrUn_KI270340v1	1428	0	0
chrUn_KI270336v1	1026	0	0
chrUn_KI270337v1	1121	0	0
chrUn_KI270363v1	1803	0	0
chrUn_KI270364v1	2855	0	0
chrUn_KI270362v1	3530	0	0
chrUn_KI270366v1	8320	0	0
chrUn_KI270378v1	1048	0	0
chrUn_KI270379v1	1045	0	0
chrUn_KI270389v1	1298	0	0
chrUn_KI270390v1	2387	0	0
chrUn_KI270387v1	1537	0	0
chrUn_KI270395v1	1143	0	0
chrUn_KI270396v1	1880	0	0
chrUn_KI270388v1	1216	0	0
chrUn_KI270394v1	970	0	0
chrUn_KI270386v1	1788	0	0
chrUn_KI270391v1	1484	0	0
chrUn_KI270383v1	1750	0	0
chrUn_KI270393v1	1308	0	0
chrUn_KI270384v1	1658	0	0
chrUn_KI270392v1	971	0	0
chrUn_KI270381v1	1930	0	0
chrUn_KI270385v1	990	0	0
chrUn_KI270382v1	4215	0	0
chrUn_KI270376v1	1136	0	0
chrUn_KI270374v1	2656	0	0
chrUn_KI270372v1	1650	0	0
chrUn_KI270373v1	1451	0	0
chrUn_KI270375v1	2378	0	0
chrUn_KI270371v1	2805	0	0
chrUn_KI270448v1	7992	0	0
chrUn_KI270521v1	7642	0	0
chrUn_GL000195v1	182896	1258	0
chrUn_GL000219v1	179198	500	0
chrUn_GL000220v1	161802	190	0
chrUn_GL000224v1	179693	2	0
chrUn_KI270741v1	157432	0	0
chrUn_GL000226v1	15008	0	0
chrUn_GL000213v1	164239	0	0
chrUn_KI270743v1	210658	42	0
chrUn_KI270744v1	168472	12	0
chrUn_KI270745v1	41891	14	0
chrUn_KI270746v1	66486	0	0
chrUn_KI270747v1	198735	2	0
chrUn_KI270748v1	93321	14	0
chrUn_KI270749v1	158759	152	0
chrUn_KI270750v1	148850	0	0
chrUn_KI270751v1	150742	2	0
chrUn_KI270752v1	27745	0	0
chrUn_KI270753v1	62944	0	0
chrUn_KI270754v1	40191	0	0
chrUn_KI270755v1	36723	2	0
chrUn_KI270756v1	79590	2	0
chrUn_KI270757v1	71251	0	0
chrUn_GL000214v1	137718	2	0
chrUn_KI270742v1	186739	218	0
chrUn_GL000216v2	176608	0	0
chrUn_GL000218v1	161147	394	0
chr1_KI270762v1_alt	354444	8	0
chr1_KI270766v1_alt	256271	2	0
chr1_KI270760v1_alt	109528	2	0
chr1_KI270765v1_alt	185285	0	0
chr1_GL383518v1_alt	182439	2	0
chr1_GL383519v1_alt	110268	454	0
chr1_GL383520v2_alt	366580	6	0
chr1_KI270764v1_alt	50258	0	0
chr1_KI270763v1_alt	911658	96	0
chr1_KI270759v1_alt	425601	46	0
chr1_KI270761v1_alt	165834	0	0
chr2_KI270770v1_alt	136240	12	0
chr2_KI270773v1_alt	70887	2	0
chr2_KI270774v1_alt	223625	0	0
chr2_KI270769v1_alt	120616	50	0
chr2_GL383521v1_alt	143390	10	0
chr2_KI270772v1_alt	133041	74	0
chr2_KI270775v1_alt	138019	0	0
chr2_KI270771v1_alt	110395	0	0
chr2_KI270768v1_alt	110099	0	0
chr2_GL582966v2_alt	96131	914	0
chr2_GL383522v1_alt	123821	118	0
chr2_KI270776v1_alt	174166	0	0
chr2_KI270767v1_alt	161578	0	0
chr3_JH636055v2_alt	173151	4	0
chr3_KI270783v1_alt	109187	2	0
chr3_KI270780v1_alt	224108	28	0
chr3_GL383526v1_alt	180671	0	0
chr3_KI270777v1_alt	173649	52	0
chr3_KI270778v1_alt	248252	0	0
chr3_KI270781v1_alt	113034	0	0
chr3_KI270779v1_alt	205312	8	0
chr3_KI270782v1_alt	162429	266	0
chr3_KI270784v1_alt	184404	10	0
chr4_KI270790v1_alt	220246	0	0
chr4_GL383528v1_alt	376187	0	0
chr4_KI270787v1_alt	111943	0	0
chr4_GL000257v2_alt	586476	8	0
chr4_KI270788v1_alt	158965	0	0
chr4_GL383527v1_alt	164536	12	0
chr4_KI270785v1_alt	119912	0	0
chr4_KI270789v1_alt	205944	8	0
chr4_KI270786v1_alt	244096	4	0
chr5_KI270793v1_alt	126136	14	0
chr5_KI270792v1_alt	179043	856	0
chr5_KI270791v1_alt	195710	582	0
chr5_GL383532v1_alt	82728	0	0
chr5_GL949742v1_alt	226852	8	0
chr5_KI270794v1_alt	164558	2	0
chr5_GL339449v2_alt	1612928	1878	0
chr5_GL383530v1_alt	101241	0	0
chr5_KI270796v1_alt	172708	0	0
chr5_GL383531v1_alt	173459	0	0
chr5_KI270795v1_alt	131892	18	0
chr6_GL000250v2_alt	4672374	358	0
chr6_KI270800v1_alt	175808	12	0
chr6_KI270799v1_alt	152148	2	0
chr6_GL383533v1_alt	124736	4	0
chr6_KI270801v1_alt	870480	132	0
chr6_KI270802v1_alt	75005	0	0
chr6_KB021644v2_alt	185823	24	0
chr6_KI270797v1_alt	197536	2	0
chr6_KI270798v1_alt	271782	294	0
chr7_KI270804v1_alt	157952	42	0
chr7_KI270809v1_alt	209586	706	0
chr7_KI270806v1_alt	158166	50	0
chr7_GL383534v2_alt	119183	50	0
chr7_KI270803v1_alt	1111570	4	0
chr7_KI270808v1_alt	271455	0	0
chr7_KI270807v1_alt	126434	0	0
chr7_KI270805v1_alt	209988	8	0
chr8_KI270818v1_alt	145606	0	0
chr8_KI270812v1_alt	282736	0	0
chr8_KI270811v1_alt	292436	0	0
chr8_KI270821v1_alt	985506	92	0
chr8_KI270813v1_alt	300230	84	0
chr8_KI270822v1_alt	624492	28	0
chr8_KI270814v1_alt	141812	0	0
chr8_KI270810v1_alt	374415	2	0
chr8_KI270819v1_alt	133535	26	0
chr8_KI270820v1_alt	36640	0	0
chr8_KI270817v1_alt	158983	4	0
chr8_KI270816v1_alt	305841	938	0
chr8_KI270815v1_alt	132244	0	0
chr9_GL383539v1_alt	162988	0	0
chr9_GL383540v1_alt	71551	28	0
chr9_GL383541v1_alt	171286	2	0
chr9_GL383542v1_alt	60032	0	0
chr9_KI270823v1_alt	439082	0	0
chr10_GL383545v1_alt	179254	68	0
chr10_KI270824v1_alt	181496	0	0
chr10_GL383546v1_alt	309802	0	0
chr10_KI270825v1_alt	188315	200	0
chr11_KI270832v1_alt	210133	1080	0
chr11_KI270830v1_alt	177092	106	0
chr11_KI270831v1_alt	296895	98	0
chr11_KI270829v1_alt	204059	0	0
chr11_GL383547v1_alt	154407	0	0
chr11_JH159136v1_alt	200998	0	0
chr11_JH159137v1_alt	191409	0	0
chr11_KI270827v1_alt	67707	4	0
chr11_KI270826v1_alt	186169	0	0
chr12_GL877875v1_alt	167313	12	0
chr12_GL877876v1_alt	408271	48	0
chr12_KI270837v1_alt	40090	0	0
chr12_GL383549v1_alt	120804	2	0
chr12_KI270835v1_alt	238139	8	0
chr12_GL383550v2_alt	169178	24	0
chr12_GL383552v1_alt	138655	0	0
chr12_GL383553v2_alt	152874	0	0
chr12_KI270834v1_alt	119498	6	0
chr12_GL383551v1_alt	184319	4	0
chr12_KI270833v1_alt	76061	0	0
chr12_KI270836v1_alt	56134	0	0
chr13_KI270840v1_alt	191684	0	0
chr13_KI270839v1_alt	180306	0	0
chr13_KI270843v1_alt	103832	0	0
chr13_KI270841v1_alt	169134	0	0
chr13_KI270838v1_alt	306913	4	0
chr13_KI270842v1_alt	37287	0	0
chr14_KI270844v1_alt	322166	0	0
chr14_KI270847v1_alt	1511111	4	0
chr14_KI270845v1_alt	180703	0	0
chr14_KI270846v1_alt	1351393	0	0
chr15_KI270852v1_alt	478999	0	0
chr15_KI270851v1_alt	263054	14	0
chr15_KI270848v1_alt	327382	522	0
chr15_GL383554v1_alt	296527	0	0
chr15_KI270849v1_alt	244917	190	0
chr15_GL383555v2_alt	388773	0	0
chr15_KI270850v1_alt	430880	758	0
chr16_KI270854v1_alt	134193	98	0
chr16_KI270856v1_alt	63982	0	0
chr16_KI270855v1_alt	232857	1260	0
chr16_KI270853v1_alt	2659700	5650	0
chr16_GL383556v1_alt	192462	0	0
chr16_GL383557v1_alt	89672	124	0
chr17_GL383563v3_alt	375691	246	0
chr17_KI270862v1_alt	391357	392	0
chr17_KI270861v1_alt	196688	4306	0
chr17_KI270857v1_alt	2877074	6714	0
chr17_JH159146v1_alt	278131	0	0
chr17_JH159147v1_alt	70345	0	0
chr17_GL383564v2_alt	133151	0	0
chr17_GL000258v2_alt	1821992	262	0
chr17_GL383565v1_alt	223995	4	0
chr17_KI270858v1_alt	235827	0	0
chr17_KI270859v1_alt	108763	0	0
chr17_GL383566v1_alt	90219	0	0
chr17_KI270860v1_alt	178921	796	0
chr18_KI270864v1_alt	111737	0	0
chr18_GL383567v1_alt	289831	32	0
chr18_GL383570v1_alt	164789	0	0
chr18_GL383571v1_alt	198278	10	0
chr18_GL383568v1_alt	104552	4	0
chr18_GL383569v1_alt	167950	0	0
chr18_GL383572v1_alt	159547	518	0
chr18_KI270863v1_alt	167999	14	0
chr19_KI270868v1_alt	61734	16	0
chr19_KI270865v1_alt	52969	0	0
chr19_GL383573v1_alt	385657	28	0
chr19_GL383575v2_alt	170222	0	0
chr19_GL383576v1_alt	188024	10	0
chr19_GL383574v1_alt	155864	110	0
chr19_KI270866v1_alt	43156	94	0
chr19_KI270867v1_alt	233762	10	0
chr19_GL949746v1_alt	987716	1856	0
chr20_GL383577v2_alt	128386	0	0
chr20_KI270869v1_alt	118774	738	0
chr20_KI270871v1_alt	58661	26	0
chr20_KI270870v1_alt	183433	2	0
chr21_GL383578v2_alt	63917	0	0
chr21_KI270874v1_alt	166743	4	0
chr21_KI270873v1_alt	143900	0	0
chr21_GL383579v2_alt	201197	0	0
chr21_GL383580v2_alt	74653	18	0
chr21_GL383581v2_alt	116689	182	0
chr21_KI270872v1_alt	82692	180	0
chr22_KI270875v1_alt	259914	2886	0
chr22_KI270878v1_alt	186262	190	0
chr22_KI270879v1_alt	304135	1986	0
chr22_KI270876v1_alt	263666	80	0
chr22_KI270877v1_alt	101331	0	0
chr22_GL383583v2_alt	96924	2	0
chr22_GL383582v2_alt	162811	32	0
chrX_KI270880v1_alt	284869	30	0
chrX_KI270881v1_alt	144206	2	0
chr19_KI270882v1_alt	248807	0	0
chr19_KI270883v1_alt	170399	0	0
chr19_KI270884v1_alt	157053	0	0
chr19_KI270885v1_alt	171027	0	0
chr19_KI270886v1_alt	204239	0	0
chr19_KI270887v1_alt	209512	0	0
chr19_KI270888v1_alt	155532	0	0
chr19_KI270889v1_alt	170698	0	0
chr19_KI270890v1_alt	184499	0	0
chr19_KI270891v1_alt	170680	0	0
chr1_KI270892v1_alt	162212	0	0
chr2_KI270894v1_alt	214158	2	0
chr2_KI270893v1_alt	161218	0	0
chr3_KI270895v1_alt	162896	6	0
chr4_KI270896v1_alt	378547	4	0
chr5_KI270897v1_alt	1144418	576	0
chr5_KI270898v1_alt	130957	4	0
chr6_GL000251v2_alt	4795265	28926	0
chr7_KI270899v1_alt	190869	6	0
chr8_KI270901v1_alt	136959	0	0
chr8_KI270900v1_alt	318687	0	0
chr11_KI270902v1_alt	106711	0	0
chr11_KI270903v1_alt	214625	0	0
chr12_KI270904v1_alt	572349	536	0
chr15_KI270906v1_alt	196384	2	0
chr15_KI270905v1_alt	5161414	3182	0
chr17_KI270907v1_alt	137721	8	0
chr17_KI270910v1_alt	157099	148	0
chr17_KI270909v1_alt	325800	0	0
chr17_JH159148v1_alt	88070	0	0
chr17_KI270908v1_alt	1423190	520	0
chr18_KI270912v1_alt	174061	0	0
chr18_KI270911v1_alt	157710	176	0
chr19_GL949747v2_alt	729520	2	0
chr22_KB663609v1_alt	74013	16	0
chrX_KI270913v1_alt	274009	468	0
chr19_KI270914v1_alt	205194	0	0
chr19_KI270915v1_alt	170665	0	0
chr19_KI270916v1_alt	184516	0	0
chr19_KI270917v1_alt	190932	0	0
chr19_KI270918v1_alt	123111	0	0
chr19_KI270919v1_alt	170701	0	0
chr19_KI270920v1_alt	198005	0	0
chr19_KI270921v1_alt	282224	0	0
chr19_KI270922v1_alt	187935	0	0
chr19_KI270923v1_alt	189352	0	0
chr3_KI270924v1_alt	166540	4	0
chr4_KI270925v1_alt	555799	4	0
chr6_GL000252v2_alt	4604811	3992	0
chr8_KI270926v1_alt	229282	22	0
chr11_KI270927v1_alt	218612	12	0
chr19_GL949748v2_alt	1064304	20	0
chr22_KI270928v1_alt	176103	24	0
chr19_KI270929v1_alt	186203	0	0
chr19_KI270930v1_alt	200773	0	0
chr19_KI270931v1_alt	170148	0	0
chr19_KI270932v1_alt	215732	0	0
chr19_KI270933v1_alt	170537	0	0
chr19_GL000209v2_alt	177381	0	0
chr3_KI270934v1_alt	163458	4	0
chr6_GL000253v2_alt	4677643	2274	0
chr19_GL949749v2_alt	1091841	6	0
chr3_KI270935v1_alt	197351	10	0
chr6_GL000254v2_alt	4827813	5718	0
chr19_GL949750v2_alt	1066390	84	0
chr3_KI270936v1_alt	164170	2	0
chr6_GL000255v2_alt	4606388	6130	0
chr19_GL949751v2_alt	1002683	0	0
chr3_KI270937v1_alt	165607	2	0
chr6_GL000256v2_alt	4929269	1848	0
chr19_GL949752v1_alt	987100	574	0
chr6_KI270758v1_alt	76752	2	0
chr19_GL949753v2_alt	796479	2	0
chr19_KI270938v1_alt	1066800	88	0
chrEBV	171823	0	0
*	0	0	0
